444444448                        944444444444444
444444448                        944444444444444
444444448                        944444444444444
444444448                        944444444444444
444444448                        944444444444444
444444448               213      944444444444444
444444448               765      944444444444444
444444448                        944444444444444
444444448                        944444444444444
444444448 @ e  w  eq  w       q  944444444444444
4444444441111111111111113   2111144444444444444
4444444444444444444444448   944444444444444444
4444444444444444444444444   44444444444444444
4444444444444444444444444   444444444444444444
4444444444444444444444444   444444444444444444
4444444444444444444444444   444444444444444444
444444448                      944444444444444
444444448                      944444444444444
444444448   e  w  eq  w      q 944444444444444
444444444111111111111111111111144444444444444
444444444444444444444444444444444444444444444
444444444444444444444444444444444444444444444
444444444444444444444444444444444444444444444
444444444444444444444444444444444444444444444
444444444444444444444444444444444444444444444